over,runs_in_over,wickets_in_over,cumulative_runs,cumulative_wickets,overs_remaining,run_rate,momentum,batsman_sr,bowler_economy,phase_Powerplay,phase_Middle,phase_Death
0,9,0,9,0,19,9.0,0.0,122.56879160342919,7.189153439153439,True,False,False
1,11,0,20,0,18,10.0,0.0,122.56879160342919,8.81578947368421,True,False,False
2,16,0,36,0,17,12.0,0.0,122.56879160342919,9.48314606741573,True,False,False
3,3,0,39,0,16,9.75,0.0,122.56879160342919,8.81578947368421,True,False,False
4,15,0,54,0,15,10.8,0.25,122.56879160342919,8.603674540682414,True,False,False
5,12,0,66,0,14,11.0,0.5333333333333332,122.56879160342919,8.81578947368421,True,False,False
6,13,0,79,0,13,11.285714285714286,-1.0,122.56879160342919,9.558823529411764,False,True,False
7,8,0,87,0,12,10.875,2.0476190476190474,122.56879160342919,8.81578947368421,False,True,False
8,5,0,92,0,11,10.222222222222221,0.125,122.56879160342919,9.48314606741573,False,True,False
