over,runs_in_over,wickets_in_over,cumulative_runs,cumulative_wickets,overs_remaining,run_rate,momentum,batsman_sr,bowler_economy,phase_Powerplay,phase_Middle,phase_Death
0,14,0,14,0,19,14.0,0.0,181.61241483724453,9.178571428571429,True,False,False
1,11,1,25,1,18,12.5,0.0,181.61241483724453,9.6875,True,False,False
2,6,1,31,2,17,10.333333333333334,0.0,145.72193776034882,9.178571428571429,True,False,False
3,11,0,42,2,16,10.5,-1.0,146.9704918032787,9.6875,True,False,False
4,23,1,65,3,15,13.0,-2.166666666666666,146.9704918032787,9.178571428571429,True,False,False
5,2,1,67,4,14,11.166666666666666,-0.6666666666666661,119.74277673545966,6.958333333333333,True,False,False
6,7,0,74,4,13,10.571428571428571,-0.16666666666666607,106.41416510318949,8.096385542168674,False,True,False
7,10,0,84,4,12,10.5,-0.9047619047619051,106.41416510318949,6.958333333333333,False,True,False
8,8,0,92,4,11,10.222222222222221,-4.666666666666667,106.41416510318949,8.096385542168674,False,True,False
